rids_per_u	 1 2 3 4 5 6 7 8 9
defaultdict(<type 'int'>, {})	
1024	0.4561 0.2256 0.2002 0.0654 0.0527
1	0.5054 0.2127 0.1545 0.0773 0.0383 0.0117 0.0 0.0 0.0
2	0.5346 0.1921 0.1415 0.0767 0.0425 0.0126 0.0 0.0 0.0
3	0.5592 0.181 0.1316 0.0734 0.0422 0.0125 0.0 0.0 0.0
4	0.5737 0.1758 0.1263 0.0707 0.0411 0.0123 0.0 0.0 0.0001
5	0.5864 0.173 0.1205 0.0678 0.0401 0.0122 0.0 0.0 0.0
6	0.5985 0.1694 0.1152 0.0662 0.0387 0.0118 0.0 0.0 0.0
7	0.6092 0.1685 0.1105 0.0632 0.0374 0.0112 0.0 0.0 0.0001
8	0.6216 0.1675 0.1052 0.0595 0.0351 0.011 0.0 0.0 0.0
9	0.6344 0.1672 0.0988 0.0556 0.0333 0.0106 0.0 0.0
10	0.6477 0.1666 0.0941 0.052 0.0302 0.0094 0.0 0.0
11	0.6581 0.1711 0.0859 0.0477 0.0284 0.0088 0.0 0.0
12	0.6648 0.1766 0.0818 0.0434 0.0253 0.0081 0.0 0.0
13	0.675 0.1789 0.0754 0.04 0.0231 0.0077 0.0 0.0
14	0.6898 0.1768 0.0708 0.0362 0.0197 0.0065 0.0001 0.0001
15	0.6965 0.181 0.0637 0.0333 0.0192 0.0062 0.0
16	0.7054 0.1819 0.0586 0.0308 0.017 0.0063
17	0.7051 0.1905 0.0554 0.0281 0.0153 0.0055 0.0
18	0.7208 0.1813 0.0524 0.025 0.0141 0.0063 0.0
19	0.7213 0.1859 0.0517 0.0239 0.0125 0.0047
20	0.7225 0.1938 0.0468 0.0207 0.0127 0.0034 0.0 0.0
21	0.7308 0.191 0.0442 0.0193 0.0108 0.0038 0.0
22	0.736 0.1923 0.0398 0.0172 0.0107 0.004
23	0.7339 0.1918 0.0413 0.0195 0.0106 0.0029 0.0001
24	0.7399 0.1959 0.0367 0.0174 0.0075 0.0027
25	0.7488 0.1882 0.0355 0.0164 0.0085 0.0025
26	0.7513 0.1863 0.0363 0.0167 0.007 0.0024
27	0.7465 0.1929 0.0354 0.0155 0.0074 0.0023
28	0.7486 0.1998 0.0307 0.0119 0.0072 0.0018
29	0.7524 0.1972 0.0318 0.0115 0.0056 0.0014
30	0.7662 0.1862 0.0254 0.0133 0.007 0.0019 0.0001
31	0.7492 0.2023 0.0308 0.0107 0.0046 0.0024
32	0.7763 0.1758 0.0298 0.0112 0.0052 0.0016
33	0.7648 0.1958 0.0241 0.0094 0.0043 0.0016
34	0.7525 0.2019 0.0283 0.0098 0.0049 0.0025
35	0.7612 0.1965 0.0235 0.0119 0.0043 0.0027
36	0.772 0.1874 0.0244 0.0102 0.0049 0.0012
37	0.7571 0.2017 0.0245 0.0093 0.0054 0.0019
38	0.7679 0.1974 0.0233 0.0085 0.0022 0.0006
39	0.7594 0.2033 0.0234 0.0094 0.0041 0.0005
40	0.7571 0.2024 0.0252 0.0097 0.0032 0.0024
41	0.7772 0.1862 0.0198 0.0096 0.0052 0.002
42	0.7718 0.195 0.0182 0.0094 0.0042 0.0014
43	0.7894 0.1778 0.019 0.0076 0.0037 0.0024
44	0.7732 0.19 0.0219 0.0087 0.0047 0.0015
45	0.7771 0.1957 0.0161 0.0054 0.0041 0.0016
46	0.7981 0.1724 0.0202 0.0058 0.0019 0.0016
47	0.7759 0.1943 0.018 0.0067 0.0037 0.0014
48	0.7854 0.1899 0.0127 0.0075 0.0028 0.0017
49	0.7923 0.177 0.019 0.005 0.0048 0.0019
50	0.8156 0.1597 0.0147 0.0059 0.0025 0.0016
51	0.776 0.1941 0.021 0.0058 0.0032
52	0.785 0.1885 0.0152 0.007 0.002 0.0023
53	0.7578 0.2172 0.0123 0.0082 0.0038 0.0007
54	0.7963 0.1814 0.0142 0.0046 0.0023 0.0013
55	0.7905 0.181 0.0159 0.0063 0.0052 0.0012
56	0.8062 0.1636 0.0195 0.0075 0.0029 0.0003
57	0.7886 0.1798 0.0202 0.0064 0.0038 0.0012
58	0.7897 0.1926 0.0118 0.0038 0.0008 0.0013
59	0.8002 0.1772 0.0145 0.0061 0.0016 0.0004
60	0.8173 0.1617 0.0137 0.005 0.0015 0.0009
61	0.7769 0.1992 0.0159 0.004 0.003 0.001
62	0.7783 0.1875 0.0212 0.0073 0.0044 0.0013
63	0.8183 0.1611 0.0135 0.0053 0.0018
64	0.8346 0.1475 0.0101 0.0036 0.0029 0.0013
65	0.8103 0.1674 0.0149 0.0033 0.0033 0.0009
66	0.8364 0.1455 0.0101 0.004 0.0035 0.0005
67	0.805 0.1651 0.0178 0.0087 0.0024 0.001
68	0.7755 0.1974 0.0181 0.0051 0.0028 0.0011
69	0.7668 0.202 0.0145 0.0127 0.0026 0.0013
70	0.7633 0.2184 0.0112 0.0061 0.001
71	0.7362 0.2266 0.0262 0.007 0.0026 0.0013
72	0.8312 0.151 0.0104 0.0043 0.003
73	0.868 0.1139 0.0087 0.005 0.0037 0.0006
74	0.8366 0.1448 0.0116 0.0058 0.0006 0.0006
75	0.8362 0.1498 0.0095 0.0019 0.0019 0.0006
76	0.8141 0.1661 0.0099 0.0074 0.0025
77	0.8145 0.1494 0.0121 0.0093 0.0102 0.0046
78	0.8283 0.1574 0.0093 0.0036 0.0014
79	0.7987 0.1785 0.0114 0.0076 0.0038
80	0.8223 0.1652 0.0125
81	0.7716 0.2083 0.0116 0.0062 0.0015 0.0008
82	0.7912 0.1959 0.0076 0.0046 0.0008
83	0.7912 0.1867 0.0221
84	0.8228 0.1495 0.0165 0.006 0.0053
85	0.7956 0.1956 0.0059 0.0015 0.0015
86	0.8858 0.1047 0.0085 0.0011
87	0.8851 0.1051 0.0049 0.0016 0.0033
88	0.8068 0.179 0.0099 0.0014 0.0014 0.0014
89	0.809 0.1433 0.0281 0.0112 0.0056 0.0028
90	0.8444 0.1368 0.0085 0.0026 0.0051 0.0026
91	0.7788 0.2047 0.0137 0.0014 0.0014
92	0.6866 0.288 0.0236 0.0018
93	0.8662 0.1171 0.0131 0.0024 0.0012
94	0.9043 0.0915 0.0043
95	0.7832 0.2105 0.0042 0.0021
96	0.8065 0.1726 0.0149 0.0045 0.0015
97	0.7443 0.2412 0.0082 0.0041 0.0021
98	0.8078 0.1718 0.0204
99	0.7946 0.1975 0.0067 0.0011
100	0.725 0.2475 0.02 0.005 0.0025
101	0.7558 0.2376 0.0033 0.0033
102	0.8 0.1794 0.0157 0.0039 0.001
103	0.7437 0.2466 0.0039 0.0019 0.0039
104	0.7468 0.2372 0.0096 0.0032 0.0032
105	0.7714 0.2111 0.0079 0.0079 0.0016
106	0.8302 0.1604 0.0075 0.0019
107	0.8458 0.1355 0.0117 0.0047 0.0023
108	0.8056 0.1852 0.0093
109	0.8165 0.1766 0.0046 0.0023
110	0.7273 0.2576 0.003 0.003 0.0091
111	0.8288 0.1604 0.0072 0.0036
112	0.8393 0.1563 0.0045
113	0.9292 0.0664 0.0044
114	0.8509 0.114 0.0351
115	0.7913 0.1948 0.0087 0.0035 0.0017
116	0.8534 0.1466
117	0.9573 0.0427
118	0.8316 0.1589 0.0074 0.0021
119	0.6008 0.3782 0.0084 0.0084 0.0042
120	0.9583 0.0417
121	0.8072 0.1928
122	0.8115 0.1783 0.0061 0.002 0.002
123	0.8943 0.093 0.0108 0.0009 0.0009
124	0.8185 0.1815
125	0.894 0.104 0.002
126	0.7381 0.254 0.0079
127	0.778 0.2063 0.0142 0.0016
128	0.5781 0.3906 0.0078 0.0078 0.0156
129	0.7791 0.2132 0.0078
130	0.6808 0.3038 0.0077 0.0077
131	0.8511 0.1412 0.0038 0.0038
132	0.9167 0.0833
133	0.8778 0.1165 0.0038 0.0019
135	0.8543 0.1432 0.0025
138	0.9384 0.058 0.0036
139	1.0
141	0.7329 0.2577 0.0095
142	0.8592 0.1373 0.0035
143	0.9685 0.0245 0.0035 0.0035
145	1.0
147	0.8776 0.0816 0.0408
150	0.64 0.14 0.0933 0.08 0.04 0.0067
151	0.9603 0.0331 0.0066
153	0.9477 0.0458 0.0065
154	0.9675 0.026 0.0065
155	0.9613 0.0323 0.0065
156	0.891 0.0769 0.0256 0.0064
158	0.9873 0.0127
162	0.9877 0.0123
164	0.9634 0.0244 0.0122
166	0.9819 0.0181
167	0.8623 0.1377
168	0.9048 0.0893 0.003 0.003
1052	0.4515 0.2262 0.2082 0.0513 0.0627
173	0.8266 0.1734
178	0.9176 0.0805 0.0019
180	0.6278 0.3667 0.0056
181	0.989 0.0055 0.0055
184	1.0
190	0.8579 0.1158 0.0263
198	0.8838 0.1061 0.0101
201	0.9204 0.0796
205	0.9707 0.0293
206	0.9951 0.0049
214	0.8692 0.1308
235	0.7298 0.1234 0.0553 0.0617 0.017 0.0128
236	0.6525 0.3432 0.0042
239	0.8703 0.1004 0.0209 0.0084
245	0.9918 0.0082
256	0.5977 0.1719 0.0859 0.0859 0.0273 0.0313
28439	0.713 0.1839 0.0608 0.0253 0.0088 0.0082
359	0.585 0.1448 0.0891 0.1114 0.0418 0.0279
386	0.7021 0.1684 0.0674 0.0337 0.0285
400	0.655 0.335 0.0025 0.0025 0.0025 0.0025
13813	0.6671 0.1955 0.0791 0.0339 0.0141 0.0102
